{
 "cells": [
  {
   "cell_type": "code",
   "execution_count": 1,
   "id": "b8aa8b44",
   "metadata": {},
   "outputs": [],
   "source": [
    "import os\n",
    "from pathlib import Path\n",
    "import random\n",
    "import cv2\n",
    "import numpy as np\n",
    "import matplotlib.pyplot as plt\n",
    "\n",
    "np.random.seed(42)\n",
    "random.seed(42)\n",
    "\n",
    "DICT_TYPE = cv2.aruco.DICT_5X5_100\n",
    "\n",
    "aruco_dict = cv2.aruco.getPredefinedDictionary(DICT_TYPE)\n",
    "detector = cv2.aruco.ArucoDetector(aruco_dict)\n",
    "\n",
    "board = cv2.aruco.CharucoBoard((13, 9), 0.02, 0.01, aruco_dict)\n",
    "world_corners_3d = board.getChessboardCorners()\n"
   ]
  },
  {
   "cell_type": "markdown",
   "id": "2aea6715",
   "metadata": {},
   "source": [
    "### Feature matching between 2 images"
   ]
  },
  {
   "cell_type": "code",
   "execution_count": 2,
   "id": "66a8f3ba",
   "metadata": {},
   "outputs": [],
   "source": [
    "def feature_match_between_images(img1, img2):\n",
    "    \"\"\"Feature matching using ChArUco pattern.\"\"\"\n",
    "    \n",
    "    # Detect ChArUco corners in both images\n",
    "    corners, ids, _ = detector.detectMarkers(img1)\n",
    "    num_corners1, corners1, ids1 = cv2.aruco.interpolateCornersCharuco(\n",
    "        corners, ids, img1, board\n",
    "    )\n",
    "    corners, ids, _ = detector.detectMarkers(img2)\n",
    "    num_corners2, corners2, ids2 = cv2.aruco.interpolateCornersCharuco(\n",
    "        corners, ids, img2, board\n",
    "    )\n",
    "    \n",
    "    # Perform matching (Find common IDs)\n",
    "    good_matches = []\n",
    "    matched_ids = []\n",
    "\n",
    "    ids1 = ids1.flatten()\n",
    "    ids2 = ids2.flatten()\n",
    "    \n",
    "    for i in range(len(ids1)):\n",
    "        for j in range(len(ids2)):\n",
    "            if ids1[i] == ids2[j]:\n",
    "                pt1 = tuple(corners1[i][0])\n",
    "                pt2 = tuple(corners2[j][0])\n",
    "                good_matches.append((pt1, pt2))\n",
    "                matched_ids.append(ids1[i])\n",
    "                break\n",
    "    \n",
    "    return good_matches, matched_ids, (num_corners1, num_corners2)"
   ]
  },
  {
   "cell_type": "code",
   "execution_count": 3,
   "id": "323c9c60",
   "metadata": {},
   "outputs": [
    {
     "name": "stdout",
     "output_type": "stream",
     "text": [
      "===ChArUco detect and match result===\n",
      "image1: 70 corners, image2: 62 corners. 55 matches\n"
     ]
    }
   ],
   "source": [
    "IMAGE_DIR = Path('camera_images3')\n",
    "\n",
    "img1 = cv2.imread(str(IMAGE_DIR / '0.jpeg'), cv2.IMREAD_GRAYSCALE)\n",
    "img2 = cv2.imread(str(IMAGE_DIR / '1.jpeg'), cv2.IMREAD_GRAYSCALE)\n",
    "\n",
    "matches, matched_ids, num_corners = feature_match_between_images(img1, img2)\n",
    "\n",
    "print(\"===ChArUco detect and match result===\")\n",
    "print(f\"image1: {num_corners[0]} corners, image2: {num_corners[1]} corners. {len(matches)} matches\")"
   ]
  },
  {
   "cell_type": "code",
   "execution_count": 4,
   "id": "e9ec5a12",
   "metadata": {},
   "outputs": [
    {
     "name": "stdout",
     "output_type": "stream",
     "text": [
      "===ChArUco detect and match result===\n",
      "image2: 62 corners. 62 matches with ChArUco board\n"
     ]
    }
   ],
   "source": [
    "def feature_match_with_charucoboard(img):\n",
    "    \"\"\"Feature matching using ChArUco board in a single image.\"\"\"\n",
    "\n",
    "    # Detect ChArUco corners in the image\n",
    "    _corners, _ids, _ = detector.detectMarkers(img)\n",
    "    num_corners, corners, ids = cv2.aruco.interpolateCornersCharuco(\n",
    "        _corners, _ids, img, board\n",
    "    )\n",
    "    \n",
    "    # Perform matching\n",
    "    good_matches = []\n",
    "    matched_ids = []\n",
    "    \n",
    "    ids = ids.flatten()\n",
    "    \n",
    "    for i, corner_id in enumerate(ids):\n",
    "        # World coordinates (in meters, Z=0 plane)\n",
    "        world_x = world_corners_3d[corner_id][0]\n",
    "        world_y = world_corners_3d[corner_id][1]\n",
    "        \n",
    "        # Image coordinates (in pixels)\n",
    "        img_u = corners[i][0][0]\n",
    "        img_v = corners[i][0][1]\n",
    "        \n",
    "        # Store as ((world_x, world_y), (img_u, img_v))\n",
    "        good_matches.append(((world_x, world_y), (img_u, img_v)))\n",
    "        matched_ids.append(corner_id)\n",
    "    \n",
    "    return good_matches, matched_ids, num_corners\n",
    "\n",
    "matches, matched_ids, num_corners = feature_match_with_charucoboard(img2)\n",
    "print(\"===ChArUco detect and match result===\")\n",
    "print(f\"image2: {num_corners} corners. {len(matches)} matches with ChArUco board\")"
   ]
  },
  {
   "cell_type": "markdown",
   "id": "85587c50",
   "metadata": {},
   "source": [
    "### Homography estimation (with and w/o RANSAC)\n",
    "We compared the performance (reprojection error) with and without RANSAC algorithm."
   ]
  },
  {
   "cell_type": "code",
   "execution_count": 5,
   "id": "b75cf748",
   "metadata": {},
   "outputs": [
    {
     "name": "stdout",
     "output_type": "stream",
     "text": [
      "Average Reprojection Error: 1.2510 pixels\n",
      "[[ 1.15791876e+00  1.22360337e-02  2.96628843e+01]\n",
      " [ 3.74454739e-02  1.10597046e+00 -6.54735904e+01]\n",
      " [ 4.32166992e-05 -8.43530314e-07  1.00000000e+00]]\n",
      "RANSAC Homography Inliers: 55 / 55\n",
      "Average Reprojection Error after RANSAC: 1.6348 pixels\n"
     ]
    }
   ],
   "source": [
    "def compute_homography(matches):\n",
    "    A = []\n",
    "    for (x, y), (xp, yp) in matches:\n",
    "        A.append([-x, -y, -1, 0, 0, 0, x*xp, y*xp, xp])\n",
    "        A.append([0, 0, 0, -x, -y, -1, x*yp, y*yp, yp])\n",
    "    A = np.array(A)\n",
    "\n",
    "    # SVD\n",
    "    U, S, Vt = np.linalg.svd(A)\n",
    "    h = Vt[-1, :]\n",
    "    H = h.reshape(3, 3)\n",
    "    return H / H[2, 2]\n",
    "\n",
    "def average_reprojection_error(matches, H):\n",
    "    total_error = 0\n",
    "    for (x, y), (xp, yp) in matches:\n",
    "        p = np.array([x, y, 1.0])\n",
    "        projected = H @ p\n",
    "        projected /= projected[2]\n",
    "        error = np.linalg.norm(projected[:2] - np.array([xp, yp]))\n",
    "        total_error += error\n",
    "    return total_error / len(matches)\n",
    "\n",
    "def ransac_homography(matches, threshold=3.0, iterations=1000):\n",
    "    best_H = None\n",
    "    max_inliers = 0\n",
    "    best_inliers = []\n",
    "\n",
    "    for _ in range(iterations):\n",
    "        sample = random.sample(matches, 4)\n",
    "        H_candidate = compute_homography(sample)\n",
    "        inliers = []\n",
    "\n",
    "        for (x, y), (xp, yp) in matches:\n",
    "            p = np.array([x, y, 1.0])\n",
    "            projected = H_candidate @ p\n",
    "            projected /= projected[2]\n",
    "            error = np.linalg.norm(projected[:2] - np.array([xp, yp]))\n",
    "            if error < threshold:\n",
    "                inliers.append(((x, y), (xp, yp)))\n",
    "\n",
    "        if len(inliers) > max_inliers:\n",
    "            max_inliers = len(inliers)\n",
    "            best_H = H_candidate\n",
    "            best_inliers = inliers\n",
    "\n",
    "    return best_H / best_H[2,2], best_inliers\n",
    "\n",
    "matches, matched_ids, num_corners = feature_match_between_images(img1, img2)\n",
    "\n",
    "H = compute_homography(matches)\n",
    "error = average_reprojection_error(matches, H)\n",
    "print(f\"Average Reprojection Error: {error:.4f} pixels\")\n",
    "\n",
    "H_ransac, inlier_matches = ransac_homography(matches, threshold=5.0, iterations=1000)\n",
    "print(H_ransac)\n",
    "error = average_reprojection_error(inlier_matches, H_ransac)\n",
    "\n",
    "print(f\"RANSAC Homography Inliers: {len(inlier_matches)} / {len(matches)}\")\n",
    "print(f\"Average Reprojection Error after RANSAC: {error:.4f} pixels\")"
   ]
  },
  {
   "cell_type": "markdown",
   "id": "6dbe1179",
   "metadata": {},
   "source": [
    "### Main Pipeline\n",
    "1. Feature Matching with charuco board (world coordinates)\n",
    "2. Homography Estimation (with **RANSAC**) for all images\n",
    "3. Compuatation of camera parameters: intrinsics, extrinsics"
   ]
  },
  {
   "cell_type": "code",
   "execution_count": 6,
   "id": "f174469f",
   "metadata": {},
   "outputs": [
    {
     "name": "stdout",
     "output_type": "stream",
     "text": [
      "[[-8.21546830e+03 -4.64973250e+02  2.54830129e+03]\n",
      " [-1.79273051e+01 -8.40468058e+03  2.17261687e+03]\n",
      " [-8.33740295e-02 -2.34470828e-01  1.00000000e+00]]\n",
      "=== Image 0 ===\n",
      "Matches: 70, Inliers: 65 / 70\n",
      "Average Reprojection Error: 2.9264 pixels\n",
      "\n",
      "[[-8.54546003e+03 -4.77741607e+02  2.71307379e+03]\n",
      " [-2.29824421e+02 -8.35860081e+03  2.19557448e+03]\n",
      " [-3.62382845e-01 -1.76970573e-01  1.00000000e+00]]\n",
      "=== Image 1 ===\n",
      "Matches: 62, Inliers: 53 / 62\n",
      "Average Reprojection Error: 2.6972 pixels\n",
      "\n",
      "[[-7.82956167e+03 -4.66448292e+02  2.67418863e+03]\n",
      " [-1.40019060e+03 -7.30901135e+03  2.03615419e+03]\n",
      " [-1.14929018e+00 -2.33485031e-01  1.00000000e+00]]\n",
      "=== Image 2 ===\n",
      "Matches: 42, Inliers: 34 / 42\n",
      "Average Reprojection Error: 2.7558 pixels\n",
      "\n",
      "[[-7.38058962e+03 -5.31085811e+02  2.43204125e+03]\n",
      " [ 1.39705514e+03 -9.53660513e+03  2.28382041e+03]\n",
      " [ 9.56102341e-01 -2.80288226e-01  1.00000000e+00]]\n",
      "=== Image 3 ===\n",
      "Matches: 66, Inliers: 60 / 66\n",
      "Average Reprojection Error: 2.7058 pixels\n",
      "\n",
      "[[-5.99427277e+03 -9.54498253e+02  2.43417199e+03]\n",
      " [ 2.99095296e+03 -1.12722655e+04  2.35976279e+03]\n",
      " [ 2.05201221e+00 -4.19085038e-01  1.00000000e+00]]\n",
      "=== Image 4 ===\n",
      "Matches: 42, Inliers: 30 / 42\n",
      "Average Reprojection Error: 2.3651 pixels\n",
      "\n",
      "[[-8.17904294e+03 -1.40073180e+03  2.56427419e+03]\n",
      " [ 1.42926937e+02 -9.20378744e+03  2.43076203e+03]\n",
      " [ 3.72603454e-02 -8.58875692e-01  1.00000000e+00]]\n",
      "=== Image 5 ===\n",
      "Matches: 63, Inliers: 47 / 63\n",
      "Average Reprojection Error: 2.5380 pixels\n",
      "\n",
      "[[-7.24960402e+03 -1.06845534e+03  2.59087374e+03]\n",
      " [-2.12565868e+02 -7.71119891e+03  2.30514361e+03]\n",
      " [-3.02934231e-01 -7.52148792e-01  1.00000000e+00]]\n",
      "=== Image 6 ===\n",
      "Matches: 68, Inliers: 63 / 68\n",
      "Average Reprojection Error: 2.2609 pixels\n",
      "\n",
      "[[-6.64002484e+03 -8.08102767e+02  2.65387791e+03]\n",
      " [-5.34083062e+02 -6.69184732e+03  2.20800747e+03]\n",
      " [-6.84787468e-01 -6.31079252e-01  1.00000000e+00]]\n",
      "=== Image 7 ===\n",
      "Matches: 58, Inliers: 57 / 58\n",
      "Average Reprojection Error: 1.9964 pixels\n",
      "\n",
      "[[-6.76108011e+03 -2.07242426e+03  2.51743269e+03]\n",
      " [ 1.15580551e+03 -1.00290970e+04  2.55609805e+03]\n",
      " [ 1.12836394e+00 -1.00062853e+00  1.00000000e+00]]\n",
      "=== Image 8 ===\n",
      "Matches: 70, Inliers: 53 / 70\n",
      "Average Reprojection Error: 2.7981 pixels\n",
      "\n",
      "[[-5.49213152e+03 -2.05796062e+03  2.26566657e+03]\n",
      " [ 1.33025528e+03 -1.09144048e+04  2.77460954e+03]\n",
      " [ 1.82752700e+00 -1.10969616e+00  1.00000000e+00]]\n",
      "=== Image 9 ===\n",
      "Matches: 34, Inliers: 24 / 34\n",
      "Average Reprojection Error: 2.8610 pixels\n",
      "\n",
      "[[-9.23646790e+03  5.62265735e+02  2.73741141e+03]\n",
      " [-9.06717632e+01 -8.24694970e+03  2.11894406e+03]\n",
      " [-9.59202515e-02  4.81543763e-01  1.00000000e+00]]\n",
      "=== Image 10 ===\n",
      "Matches: 49, Inliers: 33 / 49\n",
      "Average Reprojection Error: 2.7357 pixels\n",
      "\n",
      "[[-8.40660448e+03 -2.79416297e+01  2.58849433e+03]\n",
      " [-1.56334104e+03 -7.09191081e+03  2.03023728e+03]\n",
      " [-1.04839217e+00  2.29040628e-01  1.00000000e+00]]\n",
      "=== Image 11 ===\n",
      "Matches: 46, Inliers: 36 / 46\n",
      "Average Reprojection Error: 2.6322 pixels\n",
      "\n",
      "[[-6.99108001e+03  6.72396616e-01  2.39257606e+03]\n",
      " [-2.24833496e+03 -5.89383191e+03  1.96716891e+03]\n",
      " [-1.35352176e+00  2.49973624e-01  1.00000000e+00]]\n",
      "=== Image 12 ===\n",
      "Matches: 27, Inliers: 26 / 27\n",
      "Average Reprojection Error: 2.3548 pixels\n",
      "\n",
      "[[-7.65821603e+03  7.67557903e+02  2.61200387e+03]\n",
      " [ 2.00387346e+03 -9.19420096e+03  2.11182898e+03]\n",
      " [ 1.14814571e+00  3.71120587e-01  1.00000000e+00]]\n",
      "=== Image 13 ===\n",
      "Matches: 62, Inliers: 45 / 62\n",
      "Average Reprojection Error: 2.6682 pixels\n",
      "\n",
      "[[-5.62405968e+03  1.29771842e+03  2.24252090e+03]\n",
      " [ 3.51282649e+03 -9.55895593e+03  2.08060241e+03]\n",
      " [ 2.03685375e+00  5.11283217e-01  1.00000000e+00]]\n",
      "=== Image 14 ===\n",
      "Matches: 19, Inliers: 14 / 19\n",
      "Average Reprojection Error: 2.2923 pixels\n",
      "\n"
     ]
    }
   ],
   "source": [
    "filenames = sorted(os.listdir(IMAGE_DIR), key=lambda x: int(x.split('.')[0]))\n",
    "H_list = []\n",
    "\n",
    "for i in range(0, len(filenames)):\n",
    "    img_path =str(IMAGE_DIR / filenames[i])\n",
    "    img = cv2.imread(img_path, cv2.IMREAD_GRAYSCALE)\n",
    "    \n",
    "    matches, _, _ = feature_match_with_charucoboard(img)\n",
    "\n",
    "    H_ransac, inlier_matches = ransac_homography(matches, threshold=5.0, iterations=1000)\n",
    "    print(H_ransac)\n",
    "    error = average_reprojection_error(inlier_matches, H_ransac)\n",
    "\n",
    "    H_list.append(H_ransac)\n",
    "\n",
    "    print(f\"=== Image {i} ===\")\n",
    "    print(f\"Matches: {len(matches)}, Inliers: {len(inlier_matches)} / {len(matches)}\")\n",
    "    print(f\"Average Reprojection Error: {error:.4f} pixels\\n\")"
   ]
  },
  {
   "cell_type": "code",
   "execution_count": 7,
   "id": "92da983b",
   "metadata": {},
   "outputs": [
    {
     "name": "stdout",
     "output_type": "stream",
     "text": [
      "Estimated Intrinsic Matrix K:\n",
      "\n",
      " [[ 2.89819265e+03 -5.51208932e+00  1.44687716e+03]\n",
      " [ 0.00000000e+00  2.89011855e+03  1.54630594e+03]\n",
      " [ 0.00000000e+00  0.00000000e+00  1.00000000e+00]]\n",
      "=== Image 0 ===\n",
      "Rotation Matrix R:\n",
      " [[-0.99942063 -0.01431301 -0.03087954]\n",
      " [ 0.01684588 -0.99637471 -0.08338852]\n",
      " [-0.02957405 -0.0838604   0.99603856]]\n",
      "Translation Vector t:\n",
      " [0.13614265 0.07754797 0.35784595]\n",
      "\n",
      "=== Image 1 ===\n",
      "Rotation Matrix R:\n",
      " [[-0.99076396 -0.03102974 -0.13199974]\n",
      " [ 0.03906657 -0.99750876 -0.05873738]\n",
      " [-0.12984829 -0.06335166  0.98950795]]\n",
      "Translation Vector t:\n",
      " [0.15655529 0.08042259 0.35798872]\n",
      "\n",
      "=== Image 2 ===\n",
      "Rotation Matrix R:\n",
      " [[-0.8784854  -0.01583389 -0.47750674]\n",
      " [ 0.05886955 -0.99542192 -0.07529662]\n",
      " [-0.47412843 -0.09425759  0.87539576]]\n",
      "Translation Vector t:\n",
      " [0.17500599 0.06999078 0.41294756]\n",
      "\n",
      "=== Image 3 ===\n",
      "Rotation Matrix R:\n",
      " [[-0.95346687 -0.01702823  0.30101656]\n",
      " [-0.01037397 -0.99595971 -0.08919996]\n",
      " [ 0.30131929 -0.08817194  0.94943794]]\n",
      "Translation Vector t:\n",
      " [0.10732823 0.08045775 0.31529205]\n",
      "\n",
      "=== Image 4 ===\n",
      "Rotation Matrix R:\n",
      " [[-0.83354144 -0.04148094  0.55089744]\n",
      " [-0.02546187 -0.99323305 -0.11331286]\n",
      " [ 0.55186987 -0.10847784  0.82684473]]\n",
      "Translation Vector t:\n",
      " [0.09191184 0.07582087 0.26938283]\n",
      "\n",
      "=== Image 5 ===\n",
      "Rotation Matrix R:\n",
      " [[-0.99980485 -0.01738454  0.00938335]\n",
      " [ 0.01375823 -0.95359579 -0.30077529]\n",
      " [ 0.01417676 -0.30058749  0.95364888]]\n",
      "Translation Vector t:\n",
      " [0.13591104 0.10771594 0.3519811 ]\n",
      "\n",
      "=== Image 6 ===\n",
      "Rotation Matrix R:\n",
      " [[-0.99110935  0.00291945 -0.13301777]\n",
      " [ 0.03913145 -0.9491449  -0.31239828]\n",
      " [-0.12716517 -0.31482603  0.94059215]]\n",
      "Translation Vector t:\n",
      " [0.16668387 0.11073381 0.42174217]\n",
      "\n",
      "=== Image 7 ===\n",
      "Rotation Matrix R:\n",
      " [[-0.93984825  0.01669932 -0.34118381]\n",
      " [ 0.08864777 -0.95266117 -0.29082344]\n",
      " [-0.32988912 -0.30357509  0.89387658]]\n",
      "Translation Vector t:\n",
      " [0.2010474  0.11041061 0.48224121]\n",
      "\n",
      "=== Image 8 ===\n",
      "Rotation Matrix R:\n",
      " [[-0.92944265 -0.0658713   0.36303904]\n",
      " [-0.06009041 -0.94377407 -0.32508408]\n",
      " [ 0.36404054 -0.32396217  0.87322563]]\n",
      "Translation Vector t:\n",
      " [0.11878688 0.11215593 0.32100067]\n",
      "\n",
      "=== Image 9 ===\n",
      "Rotation Matrix R:\n",
      " [[-0.8281942  -0.04534749  0.5586036 ]\n",
      " [-0.14958205 -0.94267848 -0.29829935]\n",
      " [ 0.54011072 -0.33060686  0.77393767]]\n",
      "Translation Vector t:\n",
      " [0.08356777 0.12535543 0.29495317]\n",
      "\n",
      "=== Image 10 ===\n",
      "Rotation Matrix R:\n",
      " [[-0.99947823 -0.0137902  -0.02920773]\n",
      " [ 0.00915154 -0.98812592  0.15337347]\n",
      " [-0.03097597  0.15302615  0.98773655]]\n",
      "Translation Vector t:\n",
      " [0.14190573 0.06308918 0.31841262]\n",
      "\n",
      "=== Image 11 ===\n",
      "Rotation Matrix R:\n",
      " [[-0.9148912  -0.04876358 -0.40074456]\n",
      " [ 0.00878471 -0.99484762  0.1010002 ]\n",
      " [-0.40360491  0.08888377  0.91060571]]\n",
      "Translation Vector t:\n",
      " [0.15173019 0.06444598 0.38488216]\n",
      "\n",
      "=== Image 12 ===\n",
      "Rotation Matrix R:\n",
      " [[-0.78848106 -0.05857256 -0.61226373]\n",
      " [-0.02420759 -0.9917286   0.12604912]\n",
      " [-0.61458247  0.11420877  0.78054131]]\n",
      "Translation Vector t:\n",
      " [0.1482834  0.06611858 0.45404453]\n",
      "\n",
      "=== Image 13 ===\n",
      "Rotation Matrix R:\n",
      " [[-0.9414557   0.01840736  0.33663383]\n",
      " [ 0.01989327 -0.99373546  0.10997315]\n",
      " [ 0.33654929  0.1102316   0.93519173]]\n",
      "Translation Vector t:\n",
      " [0.11782319 0.05729513 0.29280806]\n",
      "\n",
      "=== Image 14 ===\n",
      "Rotation Matrix R:\n",
      " [[-0.82313022  0.05259941  0.56541131]\n",
      " [ 0.03658808 -0.98871907  0.14524434]\n",
      " [ 0.56667271  0.14024233  0.81192003]]\n",
      "Translation Vector t:\n",
      " [0.07650574 0.05145332 0.27832149]\n",
      "\n"
     ]
    }
   ],
   "source": [
    "def compute_v_ij(H, i, j):\n",
    "    return np.array([\n",
    "        H[0, i]*H[0, j],\n",
    "        H[0, i]*H[1, j] + H[1, i]*H[0, j],\n",
    "        H[1, i]*H[1, j],\n",
    "        H[2, i]*H[0, j] + H[0, i]*H[2, j],\n",
    "        H[2, i]*H[1, j] + H[1, i]*H[2, j],\n",
    "        H[2, i]*H[2, j]\n",
    "    ])\n",
    "\n",
    "def estimate_intrinsics(H_list):\n",
    "    \n",
    "    V = []\n",
    "    for H in H_list:\n",
    "        v12 = compute_v_ij(H, 0, 1)\n",
    "        v11 = compute_v_ij(H, 0, 0)\n",
    "        v22 = compute_v_ij(H, 1, 1)\n",
    "        V.append(v12)\n",
    "        V.append(v11 - v22)\n",
    "    V = np.array(V)\n",
    "\n",
    "    # Solve Vb = 0 using SVD\n",
    "    _, _, Vt = np.linalg.svd(V)\n",
    "    b = Vt[-1, :]\n",
    "\n",
    "    # Extract parameters from b\n",
    "    B11, B12, B22, B13, B23, B33 = b\n",
    "    v0 = (B12*B13 - B11*B23) / (B11*B22 - B12**2)\n",
    "    lam = B33 - (B13**2 + v0*(B12*B13 - B11*B23)) / B11\n",
    "    alpha = np.sqrt(lam / B11)\n",
    "    beta = np.sqrt(lam * B11 / (B11*B22 - B12**2))\n",
    "    gamma = -B12 * alpha**2 * beta / lam\n",
    "    u0 = gamma * v0 / beta - B13 * alpha**2 / lam\n",
    "\n",
    "    # Construct K matrix\n",
    "    K = np.array([\n",
    "        [alpha, gamma, u0],\n",
    "        [0,     beta,  v0],\n",
    "        [0,     0,     1]\n",
    "    ])\n",
    "    return K\n",
    "\n",
    "def estimate_extrinsics(H, K):\n",
    "    K_inv = np.linalg.inv(K)\n",
    "    h1 = H[:, 0]\n",
    "    h2 = H[:, 1]\n",
    "    h3 = H[:, 2]\n",
    "\n",
    "    lambda_ = 1.0 / np.linalg.norm(K_inv @ h1)\n",
    "    r1 = lambda_ * (K_inv @ h1)\n",
    "    r2 = lambda_ * (K_inv @ h2)\n",
    "    r3 = np.cross(r1, r2)\n",
    "    t = lambda_ * (K_inv @ h3)\n",
    "\n",
    "    # Ensure R is a valid rotation matrix using orthonormalization (SVD)\n",
    "    R = np.stack([r1, r2, r3], axis=1)\n",
    "    U, _, Vt = np.linalg.svd(R)\n",
    "    R_orthonormal = U @ Vt\n",
    "\n",
    "    return R_orthonormal, t\n",
    "\n",
    "K = estimate_intrinsics(H_list)\n",
    "print(\"Estimated Intrinsic Matrix K:\\n\\n\", K)\n",
    "\n",
    "extrinsics = []\n",
    "\n",
    "# Append the extrinsics for the other cameras\n",
    "for idx, H in enumerate(H_list):\n",
    "    R, t = estimate_extrinsics(H, K)\n",
    "    print(f\"=== Image {idx} ===\")\n",
    "    print(\"Rotation Matrix R:\\n\", R)\n",
    "    print(\"Translation Vector t:\\n\", t)\n",
    "    print()\n",
    "    extrinsics.append((R, t))"
   ]
  },
  {
   "cell_type": "markdown",
   "id": "931073b1",
   "metadata": {},
   "source": [
    "### Visualize the result"
   ]
  },
  {
   "cell_type": "code",
   "execution_count": 8,
   "id": "e0589a49",
   "metadata": {},
   "outputs": [
    {
     "data": {
