{
 "cells": [
  {
   "cell_type": "code",
   "execution_count": 1,
   "id": "b8aa8b44",
   "metadata": {},
   "outputs": [],
   "source": [
    "import os\n",
    "from pathlib import Path\n",
    "import random\n",
    "import cv2\n",
    "import numpy as np\n",
    "import matplotlib.pyplot as plt\n",
    "\n",
    "np.random.seed(42)\n",
    "random.seed(42)\n",
    "\n",
    "DICT_TYPE = cv2.aruco.DICT_5X5_100\n",
    "\n",
    "aruco_dict = cv2.aruco.getPredefinedDictionary(DICT_TYPE)\n",
    "detector = cv2.aruco.ArucoDetector(aruco_dict)\n",
    "\n",
    "board = cv2.aruco.CharucoBoard((13, 9), 0.02, 0.01, aruco_dict)\n",
    "world_corners_3d = board.getChessboardCorners()\n"
   ]
  },
  {
   "cell_type": "markdown",
   "id": "2aea6715",
   "metadata": {},
   "source": [
    "### Feature matching between 2 images"
   ]
  },
  {
   "cell_type": "code",
   "execution_count": 2,
   "id": "66a8f3ba",
   "metadata": {},
   "outputs": [],
   "source": [
    "def feature_match_between_images(img1, img2):\n",
    "    \"\"\"Feature matching using ChArUco pattern.\"\"\"\n",
    "    \n",
    "    # Detect ChArUco corners in both images\n",
    "    corners, ids, _ = detector.detectMarkers(img1)\n",
    "    num_corners1, corners1, ids1 = cv2.aruco.interpolateCornersCharuco(\n",
    "        corners, ids, img1, board\n",
    "    )\n",
    "    corners, ids, _ = detector.detectMarkers(img2)\n",
    "    num_corners2, corners2, ids2 = cv2.aruco.interpolateCornersCharuco(\n",
    "        corners, ids, img2, board\n",
    "    )\n",
    "    \n",
    "    # Perform matching (Find common IDs)\n",
    "    good_matches = []\n",
    "    matched_ids = []\n",
    "\n",
    "    ids1 = ids1.flatten()\n",
    "    ids2 = ids2.flatten()\n",
    "    \n",
    "    for i in range(len(ids1)):\n",
    "        for j in range(len(ids2)):\n",
    "            if ids1[i] == ids2[j]:\n",
    "                pt1 = tuple(corners1[i][0])\n",
    "                pt2 = tuple(corners2[j][0])\n",
    "                good_matches.append((pt1, pt2))\n",
    "                matched_ids.append(ids1[i])\n",
    "                break\n",
    "    \n",
    "    return good_matches, matched_ids, (num_corners1, num_corners2)"
   ]
  },
  {
   "cell_type": "code",
   "execution_count": 3,
   "id": "323c9c60",
   "metadata": {},
   "outputs": [
    {
     "name": "stdout",
     "output_type": "stream",
     "text": [
      "===ChArUco detect and match result===\n",
      "image1: 70 corners, image2: 62 corners. 58 matches\n"
     ]
    }
   ],
   "source": [
    "IMAGE_DIR = Path('camera_images3')\n",
    "\n",
    "img1 = cv2.imread(str(IMAGE_DIR / '0.jpeg'), cv2.IMREAD_GRAYSCALE)\n",
    "img2 = cv2.imread(str(IMAGE_DIR / '1.jpeg'), cv2.IMREAD_GRAYSCALE)\n",
    "\n",
    "matches, matched_ids, num_corners = feature_match_between_images(img1, img2)\n",
    "\n",
    "print(\"===ChArUco detect and match result===\")\n",
    "print(f\"image1: {num_corners[0]} corners, image2: {num_corners[1]} corners. {len(matches)} matches\")"
   ]
  },
  {
   "cell_type": "code",
   "execution_count": 4,
   "id": "e9ec5a12",
   "metadata": {},
   "outputs": [
    {
     "name": "stdout",
     "output_type": "stream",
     "text": [
      "===ChArUco detect and match result===\n",
      "image2: 62 corners. 62 matches with ChArUco board\n"
     ]
    }
   ],
   "source": [
    "def feature_match_with_charucoboard(img):\n",
    "    \"\"\"Feature matching using ChArUco board in a single image.\"\"\"\n",
    "\n",
    "    # Detect ChArUco corners in the image\n",
    "    _corners, _ids, _ = detector.detectMarkers(img)\n",
    "    num_corners, corners, ids = cv2.aruco.interpolateCornersCharuco(\n",
    "        _corners, _ids, img, board\n",
    "    )\n",
    "    \n",
    "    # Perform matching\n",
    "    good_matches = []\n",
    "    matched_ids = []\n",
    "    \n",
    "    ids = ids.flatten()\n",
    "    \n",
    "    for i, corner_id in enumerate(ids):\n",
    "        # World coordinates (in meters, Z=0 plane)\n",
    "        world_x = world_corners_3d[corner_id][0]\n",
    "        world_y = world_corners_3d[corner_id][1]\n",
    "        \n",
    "        # Image coordinates (in pixels)\n",
    "        img_u = corners[i][0][0]\n",
    "        img_v = corners[i][0][1]\n",
    "        \n",
    "        # Store as ((world_x, world_y), (img_u, img_v))\n",
    "        good_matches.append(((world_x, world_y), (img_u, img_v)))\n",
    "        matched_ids.append(corner_id)\n",
    "    \n",
    "    return good_matches, matched_ids, num_corners\n",
    "\n",
    "matches, matched_ids, num_corners = feature_match_with_charucoboard(img2)\n",
    "print(\"===ChArUco detect and match result===\")\n",
    "print(f\"image2: {num_corners} corners. {len(matches)} matches with ChArUco board\")"
   ]
  },
  {
   "cell_type": "markdown",
   "id": "85587c50",
   "metadata": {},
   "source": [
    "### Homography estimation (with and w/o RANSAC)\n",
    "We compared the performance (reprojection error) with and without RANSAC algorithm."
   ]
  },
  {
   "cell_type": "code",
   "execution_count": 5,
   "id": "b75cf748",
   "metadata": {},
   "outputs": [
    {
     "name": "stdout",
     "output_type": "stream",
     "text": [
      "Average Reprojection Error: 1.2662 pixels\n",
      "[[ 1.16738176e+00  1.99303281e-02  1.78755423e+01]\n",
      " [ 3.79453680e-02  1.12135268e+00 -7.53301557e+01]\n",
      " [ 4.36747663e-05  4.28399735e-06  1.00000000e+00]]\n",
      "RANSAC Homography Inliers: 58 / 58\n",
      "Average Reprojection Error after RANSAC: 1.4353 pixels\n"
     ]
    }
   ],
   "source": [
    "def compute_homography(matches):\n",
    "    A = []\n",
    "    for (x, y), (xp, yp) in matches:\n",
    "        A.append([-x, -y, -1, 0, 0, 0, x*xp, y*xp, xp])\n",
    "        A.append([0, 0, 0, -x, -y, -1, x*yp, y*yp, yp])\n",
    "    A = np.array(A)\n",
    "\n",
    "    # SVD\n",
    "    U, S, Vt = np.linalg.svd(A)\n",
    "    h = Vt[-1, :]\n",
    "    H = h.reshape(3, 3)\n",
    "    return H / H[2, 2]\n",
    "\n",
    "def average_reprojection_error(matches, H):\n",
    "    total_error = 0\n",
    "    for (x, y), (xp, yp) in matches:\n",
    "        p = np.array([x, y, 1.0])\n",
    "        projected = H @ p\n",
    "        projected /= projected[2]\n",
    "        error = np.linalg.norm(projected[:2] - np.array([xp, yp]))\n",
    "        total_error += error\n",
    "    return total_error / len(matches)\n",
    "\n",
    "def ransac_homography(matches, threshold=3.0, iterations=1000):\n",
    "    best_H = None\n",
    "    max_inliers = 0\n",
    "    best_inliers = []\n",
    "\n",
    "    for _ in range(iterations):\n",
    "        sample = random.sample(matches, 4)\n",
    "        H_candidate = compute_homography(sample)\n",
    "        inliers = []\n",
    "\n",
    "        for (x, y), (xp, yp) in matches:\n",
    "            p = np.array([x, y, 1.0])\n",
    "            projected = H_candidate @ p\n",
    "            projected /= projected[2]\n",
    "            error = np.linalg.norm(projected[:2] - np.array([xp, yp]))\n",
    "            if error < threshold:\n",
    "                inliers.append(((x, y), (xp, yp)))\n",
    "\n",
    "        if len(inliers) > max_inliers:\n",
    "            max_inliers = len(inliers)\n",
    "            best_H = H_candidate\n",
    "            best_inliers = inliers\n",
    "\n",
    "    return best_H / best_H[2,2], best_inliers\n",
    "\n",
    "matches, matched_ids, num_corners = feature_match_between_images(img1, img2)\n",
    "\n",
    "H = compute_homography(matches)\n",
    "error = average_reprojection_error(matches, H)\n",
    "print(f\"Average Reprojection Error: {error:.4f} pixels\")\n",
    "\n",
    "H_ransac, inlier_matches = ransac_homography(matches, threshold=5.0, iterations=1000)\n",
    "print(H_ransac)\n",
    "error = average_reprojection_error(inlier_matches, H_ransac)\n",
    "\n",
    "print(f\"RANSAC Homography Inliers: {len(inlier_matches)} / {len(matches)}\")\n",
    "print(f\"Average Reprojection Error after RANSAC: {error:.4f} pixels\")"
   ]
  },
  {
   "cell_type": "markdown",
   "id": "6dbe1179",
   "metadata": {},
   "source": [
    "### Main Pipeline\n",
    "1. Feature Matching with charuco board (world coordinates)\n",
    "2. Homography Estimation (with **RANSAC**) for all images\n",
    "3. Compuatation of camera parameters: intrinsics, extrinsics"
   ]
  },
  {
   "cell_type": "code",
   "execution_count": 6,
   "id": "f174469f",
   "metadata": {},
   "outputs": [
    {
     "name": "stdout",
     "output_type": "stream",
     "text": [
      "[[-8.21546830e+03 -4.64973250e+02  2.54830129e+03]\n",
      " [-1.79273051e+01 -8.40468058e+03  2.17261687e+03]\n",
      " [-8.33740295e-02 -2.34470828e-01  1.00000000e+00]]\n",
      "=== Image 0 ===\n",
      "Matches: 70, Inliers: 65 / 70\n",
      "Average Reprojection Error: 2.9274 pixels\n",
      "\n",
      "[[-8.50948464e+03 -6.15074883e+02  2.71221569e+03]\n",
      " [-2.19796634e+02 -8.43281319e+03  2.19480594e+03]\n",
      " [-3.50977505e-01 -2.44805784e-01  1.00000000e+00]]\n",
      "=== Image 1 ===\n",
      "Matches: 62, Inliers: 52 / 62\n",
      "Average Reprojection Error: 2.6281 pixels\n",
      "\n",
      "[[-7.82956167e+03 -4.66448292e+02  2.67418863e+03]\n",
      " [-1.40019060e+03 -7.30901135e+03  2.03615419e+03]\n",
      " [-1.14929018e+00 -2.33485031e-01  1.00000000e+00]]\n",
      "=== Image 2 ===\n",
      "Matches: 42, Inliers: 34 / 42\n",
      "Average Reprojection Error: 2.7558 pixels\n",
      "\n",
      "[[-7.38096824e+03 -5.25460852e+02  2.43755386e+03]\n",
      " [ 1.43960104e+03 -9.57047052e+03  2.28939367e+03]\n",
      " [ 9.90119626e-01 -2.71026519e-01  1.00000000e+00]]\n",
      "=== Image 3 ===\n",
      "Matches: 70, Inliers: 64 / 70\n",
      "Average Reprojection Error: 2.8105 pixels\n",
      "\n",
      "[[-6.01482136e+03 -9.66026007e+02  2.43273963e+03]\n",
      " [ 2.95840881e+03 -1.12596012e+04  2.35800340e+03]\n",
      " [ 2.02057446e+00 -4.21187212e-01  1.00000000e+00]]\n",
      "=== Image 4 ===\n",
      "Matches: 45, Inliers: 33 / 45\n",
      "Average Reprojection Error: 2.6155 pixels\n",
      "\n",
      "[[-8.22590218e+03 -1.32757237e+03  2.55769874e+03]\n",
      " [ 5.25414890e+01 -9.09313852e+03  2.42335558e+03]\n",
      " [-1.88339258e-02 -8.45889924e-01  1.00000000e+00]]\n",
      "=== Image 5 ===\n",
      "Matches: 70, Inliers: 51 / 70\n",
      "Average Reprojection Error: 2.5866 pixels\n",
      "\n",
      "[[-7.24960402e+03 -1.06845534e+03  2.59087374e+03]\n",
      " [-2.12565868e+02 -7.71119891e+03  2.30514361e+03]\n",
      " [-3.02934231e-01 -7.52148792e-01  1.00000000e+00]]\n",
      "=== Image 6 ===\n",
      "Matches: 68, Inliers: 63 / 68\n",
      "Average Reprojection Error: 2.2609 pixels\n",
      "\n",
      "[[-6.67386878e+03 -7.82563927e+02  2.65366570e+03]\n",
      " [-5.74656279e+02 -6.67482080e+03  2.20819172e+03]\n",
      " [-7.06751130e-01 -6.16544656e-01  1.00000000e+00]]\n",
      "=== Image 7 ===\n",
      "Matches: 60, Inliers: 60 / 60\n",
      "Average Reprojection Error: 1.8861 pixels\n",
      "\n",
      "[[-6.75803322e+03 -2.07749725e+03  2.51747550e+03]\n",
      " [ 1.16276448e+03 -1.00328899e+04  2.55601664e+03]\n",
      " [ 1.13183018e+00 -1.00342110e+00  1.00000000e+00]]\n",
      "=== Image 8 ===\n",
      "Matches: 70, Inliers: 56 / 70\n",
      "Average Reprojection Error: 2.8921 pixels\n",
      "\n",
      "[[-5.51447438e+03 -1.90094540e+03  2.27551575e+03]\n",
      " [ 1.39938898e+03 -1.09056691e+04  2.79525305e+03]\n",
      " [ 1.89015733e+00 -9.79719108e-01  1.00000000e+00]]\n",
      "=== Image 9 ===\n",
      "Matches: 36, Inliers: 25 / 36\n",
      "Average Reprojection Error: 2.7395 pixels\n",
      "\n",
      "[[-9.19061056e+03  5.13116495e+02  2.72593998e+03]\n",
      " [-1.21051783e+02 -8.28699782e+03  2.11998270e+03]\n",
      " [-1.08760989e-01  4.23701261e-01  1.00000000e+00]]\n",
      "=== Image 10 ===\n",
      "Matches: 55, Inliers: 37 / 55\n",
      "Average Reprojection Error: 2.6751 pixels\n",
      "\n",
      "[[-8.36578415e+03 -7.01960209e+01  2.58307655e+03]\n",
      " [-1.54162594e+03 -7.16863451e+03  2.03136883e+03]\n",
      " [-1.03283217e+00  1.85188248e-01  1.00000000e+00]]\n",
      "=== Image 11 ===\n",
      "Matches: 49, Inliers: 36 / 49\n",
      "Average Reprojection Error: 2.9020 pixels\n",
      "\n",
      "[[-6.99628760e+03 -6.32421908e+01  2.38679436e+03]\n",
      " [-2.28043184e+03 -5.92275548e+03  1.96365428e+03]\n",
      " [-1.37713124e+00  1.94610611e-01  1.00000000e+00]]\n",
      "=== Image 12 ===\n",
      "Matches: 31, Inliers: 30 / 31\n",
      "Average Reprojection Error: 2.6744 pixels\n",
      "\n",
      "[[-7.65821603e+03  7.67557903e+02  2.61200387e+03]\n",
      " [ 2.00387346e+03 -9.19420096e+03  2.11182898e+03]\n",
      " [ 1.14814571e+00  3.71120587e-01  1.00000000e+00]]\n",
      "=== Image 13 ===\n",
      "Matches: 62, Inliers: 45 / 62\n",
      "Average Reprojection Error: 2.6694 pixels\n",
      "\n",
      "[[-5.60854129e+03  1.35824282e+03  2.24005424e+03]\n",
      " [ 3.56170217e+03 -9.64458802e+03  2.09214330e+03]\n",
      " [ 2.06691669e+00  5.26790910e-01  1.00000000e+00]]\n",
      "=== Image 14 ===\n",
      "Matches: 20, Inliers: 14 / 20\n",
      "Average Reprojection Error: 2.5700 pixels\n",
      "\n"
     ]
    }
   ],
   "source": [
    "filenames = sorted(os.listdir(IMAGE_DIR), key=lambda x: int(x.split('.')[0]))\n",
    "H_list = []\n",
    "\n",
    "for i in range(0, len(filenames)):\n",
    "    img_path =str(IMAGE_DIR / filenames[i])\n",
    "    img = cv2.imread(img_path, cv2.IMREAD_GRAYSCALE)\n",
    "    \n",
    "    matches, _, _ = feature_match_with_charucoboard(img)\n",
    "\n",
    "    H_ransac, inlier_matches = ransac_homography(matches, threshold=5.0, iterations=1000)\n",
    "    print(H_ransac)\n",
    "    error = average_reprojection_error(inlier_matches, H_ransac)\n",
    "\n",
    "    H_list.append(H_ransac)\n",
    "\n",
    "    print(f\"=== Image {i} ===\")\n",
    "    print(f\"Matches: {len(matches)}, Inliers: {len(inlier_matches)} / {len(matches)}\")\n",
    "    print(f\"Average Reprojection Error: {error:.4f} pixels\\n\")"
   ]
  },
  {
   "cell_type": "code",
   "execution_count": 7,
   "id": "92da983b",
   "metadata": {},
   "outputs": [
    {
     "name": "stdout",
     "output_type": "stream",
     "text": [
      "Estimated Intrinsic Matrix K:\n",
      "\n",
      " [[ 2.93561947e+03 -1.88895670e+00  1.44782227e+03]\n",
      " [ 0.00000000e+00  2.92127598e+03  1.52264651e+03]\n",
      " [ 0.00000000e+00  0.00000000e+00  1.00000000e+00]]\n",
      "=== Image 0 ===\n",
      "Rotation Matrix R:\n",
      " [[-0.99942006 -0.01351676 -0.03125452]\n",
      " [ 0.01610986 -0.99631335 -0.08426259]\n",
      " [-0.03000034 -0.08471723  0.9959533 ]]\n",
      "Translation Vector t:\n",
      " [0.13592814 0.08064594 0.3624612 ]\n",
      "\n",
      "=== Image 1 ===\n",
      "Rotation Matrix R:\n",
      " [[-0.99098108 -0.0303716  -0.13051464]\n",
      " [ 0.04149521 -0.99565413 -0.08337268]\n",
      " [-0.12741528 -0.08803648  0.98793468]]\n",
      "Translation Vector t:\n",
      " [0.15666632 0.08366496 0.36361677]\n",
      "\n",
      "=== Image 2 ===\n",
      "Rotation Matrix R:\n",
      " [[-0.87607685 -0.0129283  -0.48199814]\n",
      " [ 0.05675079 -0.9954571  -0.07644943]\n",
      " [-0.47882011 -0.09432935  0.87283061]]\n",
      "Translation Vector t:\n",
      " [0.17432299 0.07333157 0.41717343]\n",
      "\n",
      "=== Image 3 ===\n",
      "Rotation Matrix R:\n",
      " [[-0.94972311 -0.01759064  0.31259653]\n",
      " [-0.01002045 -0.99620121 -0.08650278]\n",
      " [ 0.31293068 -0.08528605  0.94593905]]\n",
      "Translation Vector t:\n",
      " [0.10668658 0.08301455 0.31628211]\n",
      "\n",
      "=== Image 4 ===\n",
      "Rotation Matrix R:\n",
      " [[-0.83382742 -0.04397393  0.55027096]\n",
      " [-0.02322889 -0.99314423 -0.11456417]\n",
      " [ 0.55153626 -0.10830893  0.82708943]]\n",
      "Translation Vector t:\n",
      " [0.09184331 0.0782364  0.27359577]\n",
      "\n",
      "=== Image 5 ===\n",
      "Rotation Matrix R:\n",
      " [[-0.99990255 -0.01029106 -0.00943265]\n",
      " [ 0.01265772 -0.95331919 -0.30169903]\n",
      " [-0.00588752 -0.30178903  0.95335656]]\n",
      "Translation Vector t:\n",
      " [0.13543546 0.11039302 0.35803843]\n",
      "\n",
      "=== Image 6 ===\n",
      "Rotation Matrix R:\n",
      " [[-0.99093914  0.00443727 -0.13423832]\n",
      " [ 0.0383937  -0.9483914  -0.31476924]\n",
      " [-0.12870718 -0.31707107  0.9396278 ]]\n",
      "Translation Vector t:\n",
      " [0.16637903 0.11440645 0.42711062]\n",
      "\n",
      "=== Image 7 ===\n",
      "Rotation Matrix R:\n",
      " [[-0.93552011  0.02079884 -0.35266065]\n",
      " [ 0.08669071 -0.95422636 -0.286246  ]\n",
      " [-0.34247168 -0.29836129  0.89089488]]\n",
      "Translation Vector t:\n",
      " [0.19970874 0.11405381 0.4860112 ]\n",
      "\n",
      "=== Image 8 ===\n",
      "Rotation Matrix R:\n",
      " [[-0.92791844 -0.06773741  0.36657742]\n",
      " [-0.06042381 -0.94301944 -0.32720528]\n",
      " [ 0.36785367 -0.32576982  0.87095218]]\n",
      "Translation Vector t:\n",
      " [0.11829231 0.1147692  0.32444572]\n",
      "\n",
      "=== Image 9 ===\n",
      "Rotation Matrix R:\n",
      " [[-0.82034677 -0.0405091   0.57042983]\n",
      " [-0.13766345 -0.954166   -0.26573675]\n",
      " [ 0.5550495  -0.29652362  0.77717038]]\n",
      "Translation Vector t:\n",
      " [0.08240248 0.12719221 0.29197048]\n",
      "\n",
      "=== Image 10 ===\n",
      "Rotation Matrix R:\n",
      " [[-0.99935368 -0.01073674 -0.0343066 ]\n",
      " [ 0.00591845 -0.99047328  0.13757784]\n",
      " [-0.03545691  0.13728587  0.98989666]]\n",
      "Translation Vector t:\n",
      " [0.14144516 0.06640978 0.32477738]\n",
      "\n",
      "=== Image 11 ===\n",
      "Rotation Matrix R:\n",
      " [[-0.9146955  -0.04180699 -0.40197552]\n",
      " [ 0.00835172 -0.99637806  0.08462277]\n",
      " [-0.40405741  0.07404688  0.91173169]]\n",
      "Translation Vector t:\n",
      " [0.15121432 0.0680741  0.39090722]\n",
      "\n",
      "=== Image 12 ===\n",
      "Rotation Matrix R:\n",
      " [[-0.77711597 -0.04980455 -0.62738367]\n",
      " [-0.02150972 -0.99417967  0.10556572]\n",
      " [-0.62898975  0.09553165  0.77152162]]\n",
      "Translation Vector t:\n",
      " [0.14597104 0.06887404 0.45622797]\n",
      "\n",
      "=== Image 13 ===\n",
      "Rotation Matrix R:\n",
      " [[-0.94000626  0.01818907  0.34067197]\n",
      " [ 0.02117895 -0.99354037  0.11148532]\n",
      " [ 0.34049917  0.11201198  0.93354895]]\n",
      "Translation Vector t:\n",
      " [0.1174616  0.05971866 0.29609621]\n",
      "\n",
      "=== Image 14 ===\n",
      "Rotation Matrix R:\n",
      " [[-0.8164709   0.05520706  0.5747412 ]\n",
      " [ 0.03930635 -0.98779457  0.15072128]\n",
      " [ 0.57604712  0.14565052  0.80433553]]\n",
      "Translation Vector t:\n",
      " [0.07524247 0.05432845 0.2786818 ]\n",
      "\n"
     ]
    }
   ],
   "source": [
    "def compute_v_ij(H, i, j):\n",
    "    return np.array([\n",
    "        H[0, i]*H[0, j],\n",
    "        H[0, i]*H[1, j] + H[1, i]*H[0, j],\n",
    "        H[1, i]*H[1, j],\n",
    "        H[2, i]*H[0, j] + H[0, i]*H[2, j],\n",
    "        H[2, i]*H[1, j] + H[1, i]*H[2, j],\n",
    "        H[2, i]*H[2, j]\n",
    "    ])\n",
    "\n",
    "def estimate_intrinsics(H_list):\n",
    "    \n",
    "    V = []\n",
    "    for H in H_list:\n",
    "        v12 = compute_v_ij(H, 0, 1)\n",
    "        v11 = compute_v_ij(H, 0, 0)\n",
    "        v22 = compute_v_ij(H, 1, 1)\n",
    "        V.append(v12)\n",
    "        V.append(v11 - v22)\n",
    "    V = np.array(V)\n",
    "\n",
    "    # Solve Vb = 0 using SVD\n",
    "    _, _, Vt = np.linalg.svd(V)\n",
    "    b = Vt[-1, :]\n",
    "\n",
    "    # Extract parameters from b\n",
    "    B11, B12, B22, B13, B23, B33 = b\n",
    "    v0 = (B12*B13 - B11*B23) / (B11*B22 - B12**2)\n",
    "    lam = B33 - (B13**2 + v0*(B12*B13 - B11*B23)) / B11\n",
    "    alpha = np.sqrt(lam / B11)\n",
    "    beta = np.sqrt(lam * B11 / (B11*B22 - B12**2))\n",
    "    gamma = -B12 * alpha**2 * beta / lam\n",
    "    u0 = gamma * v0 / beta - B13 * alpha**2 / lam\n",
    "\n",
    "    # Construct K matrix\n",
    "    K = np.array([\n",
    "        [alpha, gamma, u0],\n",
    "        [0,     beta,  v0],\n",
    "        [0,     0,     1]\n",
    "    ])\n",
    "    return K\n",
    "\n",
    "def estimate_extrinsics(H, K):\n",
    "    K_inv = np.linalg.inv(K)\n",
    "    h1 = H[:, 0]\n",
    "    h2 = H[:, 1]\n",
    "    h3 = H[:, 2]\n",
    "\n",
    "    lambda_ = 1.0 / np.linalg.norm(K_inv @ h1)\n",
    "    r1 = lambda_ * (K_inv @ h1)\n",
    "    r2 = lambda_ * (K_inv @ h2)\n",
    "    r3 = np.cross(r1, r2)\n",
    "    t = lambda_ * (K_inv @ h3)\n",
    "\n",
    "    # Ensure R is a valid rotation matrix using orthonormalization (SVD)\n",
    "    R = np.stack([r1, r2, r3], axis=1)\n",
    "    U, _, Vt = np.linalg.svd(R)\n",
    "    R_orthonormal = U @ Vt\n",
    "\n",
    "    return R_orthonormal, t\n",
    "\n",
    "K = estimate_intrinsics(H_list)\n",
    "print(\"Estimated Intrinsic Matrix K:\\n\\n\", K)\n",
    "\n",
    "extrinsics = []\n",
    "\n",
    "# Append the extrinsics for the other cameras\n",
    "for idx, H in enumerate(H_list):\n",
    "    R, t = estimate_extrinsics(H, K)\n",
    "    print(f\"=== Image {idx} ===\")\n",
    "    print(\"Rotation Matrix R:\\n\", R)\n",
    "    print(\"Translation Vector t:\\n\", t)\n",
    "    print()\n",
    "    extrinsics.append((R, t))"
   ]
  },
  {
   "cell_type": "markdown",
   "id": "931073b1",
   "metadata": {},
   "source": [
    "### Visualize the result"
   ]
  },
  {
   "cell_type": "code",
   "execution_count": 10,
   "id": "e0589a49",
   "metadata": {},
   "outputs": [
    {
     "data": {
